KEYBUF 0 0 128 4096 1 10951871657 25326203208
KEYBUF 0 0 128 4096 1 10951871657 20534759358
KEYBUF 0 0 128 4096 1 10951871657 25326203208
KEYBUF 0 0 128 4096 1 10951871657 20534759358
KEYBUF 0 0 128 4096 1 10951871657 25326203208
KEYBUF 0 0 128 4096 1 10951871657 20534759358
KEYBUF 0 0 128 4096 1 10951871657 25326203208
KEYBUF 0 0 128 4096 1 10951871657 20534759358
KEYBUF 0 0 128 4096 1 10951871657 25326203208
KEYBUF 0 0 128 4096 1 10951871657 20534759358
KEYBUF 0 0 128 4096 1 10951871657 25326203208
KEYBUF 0 0 128 4096 1 10951871657 20534759358
KEYBUF 0 0 128 4096 1 10951871657 25326203208
KEYBUF 0 0 128 4096 1 10951871657 20534759358
KEYBUF 0 0 128 4096 1 10951871657 25326203208
KEYBUF 0 0 128 4096 1 10951871657 20534759358
KEYBUF 0 0 128 4096 1 10951871657 25326203208
KEYBUF 0 0 128 4096 1 10951871657 20534759358
KEYBUF 0 0 128 4096 1 10951871657 25326203208
KEYBUF 0 0 128 4096 1 10951871657 20534759358
KEYBUF 0 0 128 4096 1 10951871657 25326203208
KEYBUF 0 0 128 4096 1 10951871657 20534759358
KEYBUF 0 0 128 4096 1 10951871657 25326203208
KEYBUF 0 0 128 4096 1 10951871657 20534759358
VALBUF 0 0 128 4096 1 10951871657 30459893048
VALBUF 0 0 128 4096 1 10951871657 23957219251
VALBUF 0 0 128 4096 1 10951871657 30459893048
VALBUF 0 0 128 4096 1 10951871657 23957219251
VALBUF 0 0 128 4096 1 10951871657 30459893048
VALBUF 0 0 128 4096 1 10951871657 23957219251
VALBUF 0 0 128 4096 1 10951871657 30459893048
VALBUF 0 0 128 4096 1 10951871657 23957219251
VALBUF 0 0 128 4096 1 10951871657 30459893048
VALBUF 0 0 128 4096 1 10951871657 23957219251
VALBUF 0 0 128 4096 1 10951871657 30459893048
VALBUF 0 0 128 4096 1 10951871657 23957219251
VALBUF 0 0 128 4096 1 10951871657 30459893048
VALBUF 0 0 128 4096 1 10951871657 23957219251
VALBUF 0 0 128 4096 1 10951871657 30459893048
VALBUF 0 0 128 4096 1 10951871657 23957219251
VALBUF 0 0 128 4096 1 10951871657 30459893048
VALBUF 0 0 128 4096 1 10951871657 23957219251
VALBUF 0 0 128 4096 1 10951871657 30459893048
VALBUF 0 0 128 4096 1 10951871657 23957219251
VALBUF 0 0 128 4096 1 10951871657 30459893048
VALBUF 0 0 128 4096 1 10951871657 23957219251
VALBUF 0 0 128 4096 1 10951871657 30459893048
VALBUF 0 0 128 4096 1 10951871657 23957219251
RESPFIFO 0 0 256 16384 1 21903743315 21903743315
RESPFIFO 0 0 256 16384 1 21903743315 21903743315
RESPFIFO 0 0 256 16384 1 21903743315 21903743315
RESPFIFO 0 0 256 16384 1 21903743315 21903743315
RESPFIFO 0 0 256 16384 1 21903743315 21903743315
RESPFIFO 0 0 256 16384 1 21903743315 21903743315
RESPFIFO 0 0 256 16384 1 21903743315 21903743315
RESPFIFO 0 0 256 16384 1 21903743315 21903743315
RESPFIFO 0 0 256 16384 1 21903743315 21903743315
RESPFIFO 0 0 256 16384 1 21903743315 21903743315
RESPFIFO 0 0 256 16384 1 21903743315 21903743315
RESPFIFO 0 0 256 16384 1 21903743315 21903743315
RESPFIFO 0 0 256 16384 1 21903743315 21903743315
RESPFIFO 0 0 256 16384 1 21903743315 21903743315
RESPFIFO 0 0 256 16384 1 21903743315 21903743315
RESPFIFO 0 0 256 16384 1 21903743315 21903743315
